tipo=cpu
formato=1,4
dados=-0.1211674,0.025396125,-0.06615573,-0.33330888
