tipo=cpu
formato=1,4
dados=-8.486359,-9.48992,-7.7941723,-7.7348228
