tipo=cpu
formato=1,4
dados=0.060962323,0.015793981,0.6930108,0.7798386
