tipo=cpu
formato=1,4
dados=-8.476489,-9.478758,-7.785208,-7.7259183
