tipo=cpu
formato=1,4
dados=-0.08063699,-0.07337476,-0.0053676763,-0.0057300553
