tipo=cpu
formato=1,4
dados=-31.711111,-20.390278,108.23877,113.349625
