tipo=cpu
formato=1,4
dados=-0.014681388,0.15365179,0.24330004,-0.3664563
