tipo=cpu
formato=3,3
dados=-0.018366275,-0.13580051,0.040202428,0.13214341,0.17867076,0.14781483,0.044879865,-0.14421967,0.16520377
