tipo=cpu
formato=1,4
dados=-8.56912e-05,-9.582779e-05,-7.870552e-05,-7.8100624e-05
