tipo=cpu
formato=3,3
dados=-0.01479832,0.020219445,-0.035495352,0.08416357,0.14028931,0.066476755,-0.01259501,-0.12341447,0.113471344
