tipo=cpu
formato=1,4
dados=-8.534761,-9.544274,-7.838805,-7.778894
