tipo=cpu
formato=1,4
dados=0.016726997,0.18660629,-0.1633134,-0.23460302
