tipo=cpu
formato=3,3
dados=-0.06135967,-0.10739572,0.113029145,0.020915294,-0.18111907,0.1896237,-0.02456454,-0.10817673,0.1161582
