tipo=cpu
formato=3,3
dados=-0.19384615,0.026768899,0.10173962,-0.081638195,0.16994487,0.048619963,0.118148305,-0.19687346,-0.18848889
