tipo=cpu
formato=3,3
dados=0.07505722,0.01608305,0.029927565,0.17810744,0.06533704,0.11362269,-0.007803929,-0.052800108,-0.105108894
