tipo=cpu
formato=3,3
dados=-0.19384617,0.0267689,0.10173962,-0.081638195,0.16994488,0.048619963,0.118148305,-0.19687346,-0.18848889
