tipo=cpu
formato=3,3
dados=-0.103894055,-0.06681692,0.15946522,0.040053845,0.02315793,-0.06373755,-0.15336219,-0.1992217,-0.09934141
