tipo=cpu
formato=3,3
dados=-0.07519008,0.030411556,0.175587,-0.02379321,-0.19411144,0.06534536,-0.029672814,-0.15386449,0.09951222
