tipo=cpu
formato=3,3
dados=0.009605574,0.12235291,0.06731167,0.14389841,-0.08489777,0.12866508,0.0011913776,0.06315567,-0.026003491
