tipo=cpu
formato=1,4
dados=-0.005969296,-0.005969296,-0.005969296,-0.005969296
